t/s	    x/m	    y/m
0,00	1,000	0,500
0,02	1,050	0,536
0,04	1,100	0,572
0,06	1,149	0,607
0,08	1,199	0,643
0,10	1,248	0,678
0,12	1,298	0,713
0,14	1,347	0,748
0,16	1,396	0,783
0,18	1,445	0,818
0,20	1,494	0,852
0,22	1,543	0,886
0,24	1,591	0,920
0,26	1,640	0,954
0,28	1,688	0,988
0,30	1,736	1,022
0,32	1,784	1,056
0,34	1,832	1,089
0,36	1,880	1,122
0,38	1,928	1,155
0,40	1,975	1,188
0,42	2,023	1,221
0,44	2,070	1,253
0,46	2,117	1,286
0,48	2,165	1,318
0,50	2,212	1,350
0,52	2,258	1,382
0,54	2,305	1,414
0,56	2,352	1,445
0,58	2,398	1,477
0,60	2,444	1,508
0,62	2,490	1,539
0,64	2,536	1,570
0,66	2,582	1,601
0,68	2,628	1,632
0,70	2,674	1,662
0,72	2,719	1,692
0,74	2,765	1,722
0,76	2,810	1,752
0,78	2,855	1,782
0,80	2,900	1,812
0,82	2,945	1,842
0,84	2,989	1,871
0,86	3,034	1,900
0,88	3,078	1,929
0,90	3,123	1,958
0,92	3,167	1,987
0,94	3,211	2,015
0,96	3,255	2,044
0,98	3,298	2,072
1,00	3,342	2,100
1,02	3,385	2,128
1,04	3,429	2,156
1,06	3,472	2,183
1,08	3,515	2,211
1,10	3,558	2,238
1,12	3,601	2,265
1,14	3,643	2,292
1,16	3,686	2,319
1,18	3,728	2,346
1,20	3,770	2,372
1,22	3,812	2,398
1,24	3,854	2,424
1,26	3,896	2,450
1,28	3,937	2,476
1,30	3,979	2,502
1,32	4,020	2,528
1,34	4,061	2,553
1,36	4,102	2,578
1,38	4,143	2,603
1,40	4,184	2,628
1,42	4,225	2,653
1,44	4,265	2,677
1,46	4,305	2,702
1,48	4,346	2,726
1,50	4,386	2,750
1,52	4,425	2,774
1,54	4,465	2,798
1,56	4,505	2,821
1,58	4,544	2,845
1,60	4,583	2,868
1,62	4,622	2,891
1,64	4,661	2,914
1,66	4,700	2,937
1,68	4,739	2,960
1,70	4,777	2,982
1,72	4,816	3,004
1,74	4,854	3,026
1,76	4,892	3,048
1,78	4,930	3,070
1,80	4,967	3,092
1,82	5,005	3,114
1,84	5,042	3,135
1,86	5,080	3,156
1,88	5,117	3,177
1,90	5,154	3,198
1,92	5,190	3,219
1,94	5,227	3,239
1,96	5,264	3,260
1,98	5,300	3,280
2,00	5,336	3,300
2,02	5,372	3,320
2,04	5,408	3,340
2,06	5,444	3,359
2,08	5,479	3,379
2,10	5,514	3,398
2,12	5,550	3,417
2,14	5,585	3,436
2,16	5,620	3,455
2,18	5,654	3,474
2,20	5,689	3,492
2,22	5,723	3,510
2,24	5,757	3,528
2,26	5,792	3,546
2,28	5,825	3,564
2,30	5,859	3,582
2,32	5,893	3,600
2,34	5,926	3,617
2,36	5,959	3,634
2,38	5,992	3,651
2,40	6,025	3,668
2,42	6,058	3,685
2,44	6,091	3,701
2,46	6,123	3,718
2,48	6,155	3,734
2,50	6,188	3,750
2,52	6,219	3,766
2,54	6,251	3,782
2,56	6,283	3,797
2,58	6,314	3,813
2,60	6,345	3,828
2,62	6,376	3,843
2,64	6,407	3,858
2,66	6,438	3,873
2,68	6,469	3,888
2,70	6,499	3,902
2,72	6,529	3,916
2,74	6,559	3,930
2,76	6,589	3,944
2,78	6,619	3,958
2,80	6,648	3,972
2,82	6,678	3,986
2,84	6,707	3,999
2,86	6,736	4,012
2,88	6,765	4,025
2,90	6,793	4,038
2,92	6,822	4,051
2,94	6,850	4,063
2,96	6,878	4,076
2,98	6,906	4,088
3,00	6,934	4,100
3,02	6,962	4,112
3,04	6,989	4,124
3,06	7,016	4,135
3,08	7,043	4,147
3,10	7,070	4,158
3,12	7,097	4,169
3,14	7,123	4,180
3,16	7,150	4,191
3,18	7,176	4,202
3,20	7,202	4,212
3,22	7,228	4,222
3,24	7,253	4,232
3,26	7,279	4,242
3,28	7,304	4,252
3,30	7,329	4,262
3,32	7,354	4,272
3,34	7,379	4,281
3,36	7,403	4,290
3,38	7,427	4,299
3,40	7,452	4,308
3,42	7,476	4,317
3,44	7,499	4,325
3,46	7,523	4,334
3,48	7,546	4,342
3,50	7,570	4,350
3,52	7,593	4,358
3,54	7,615	4,366
3,56	7,638	4,373
3,58	7,660	4,381
3,60	7,683	4,388
3,62	7,705	4,395
3,64	7,727	4,402
3,66	7,748	4,409
3,68	7,770	4,416
3,70	7,791	4,422
3,72	7,812	4,428
3,74	7,833	4,434
3,76	7,854	4,440
3,78	7,875	4,446
3,80	7,895	4,452
3,82	7,915	4,458
3,84	7,935	4,463
3,86	7,955	4,468
3,88	7,975	4,473
3,90	7,994	4,478
3,92	8,013	4,483
3,94	8,032	4,487
3,96	8,051	4,492
3,98	8,070	4,496
4,00	8,088	4,500
4,02	8,106	4,504
4,04	8,124	4,508
4,06	8,142	4,511
4,08	8,160	4,515
4,10	8,177	4,518
4,12	8,194	4,521
4,14	8,211	4,524
4,16	8,228	4,527
4,18	8,245	4,530
4,20	8,261	4,532
4,22	8,278	4,534
4,24	8,294	4,536
4,26	8,309	4,538
4,28	8,325	4,540
4,30	8,340	4,542
4,32	8,356	4,544
4,34	8,371	4,545
4,36	8,386	4,546
4,38	8,400	4,547
4,40	8,415	4,548
4,42	8,429	4,549
4,44	8,443	4,549
4,46	8,457	4,550
4,48	8,470	4,550
4,50	8,484	4,550
4,52	8,497	4,550
4,54	8,510	4,550
4,56	8,522	4,549
4,58	8,535	4,549
4,60	8,547	4,548
4,62	8,559	4,547
4,64	8,571	4,546
4,66	8,583	4,545
4,68	8,595	4,544
4,70	8,606	4,542
4,72	8,617	4,540
4,74	8,628	4,538
4,76	8,639	4,536
4,78	8,649	4,534
4,80	8,659	4,532
4,82	8,669	4,530
4,84	8,679	4,527
4,86	8,689	4,524
4,88	8,698	4,521
4,90	8,707	4,518
4,92	8,716	4,515
4,94	8,725	4,511
4,96	8,734	4,508
4,98	8,742	4,504
5,00	8,750	4,500
5,02	8,758	4,496
5,04	8,766	4,492
5,06	8,773	4,487
5,08	8,780	4,483
5,10	8,787	4,478
5,12	8,794	4,473
5,14	8,801	4,468
5,16	8,807	4,463
5,18	8,813	4,458
5,20	8,819	4,452
5,22	8,825	4,446
5,24	8,830	4,440
5,26	8,836	4,434
5,28	8,841	4,428
5,30	8,845	4,422
5,32	8,850	4,416
5,34	8,854	4,409
5,36	8,859	4,402
5,38	8,863	4,395
5,40	8,866	4,388
5,42	8,870	4,381
5,44	8,873	4,373
5,46	8,876	4,366
5,48	8,879	4,358
5,50	8,882	4,350
5,52	8,884	4,342
5,54	8,886	4,334
5,56	8,888	4,325
5,58	8,890	4,317
5,60	8,891	4,308
5,62	8,892	4,299
5,64	8,893	4,290
5,66	8,894	4,281
5,68	8,895	4,272
5,70	8,895	4,262
5,72	8,895	4,252
5,74	8,895	4,242
5,76	8,895	4,232
5,78	8,894	4,222
5,80	8,893	4,212
5,82	8,892	4,202
5,84	8,891	4,191
5,86	8,889	4,180
5,88	8,887	4,169
5,90	8,885	4,158
5,92	8,883	4,147
5,94	8,881	4,135
5,96	8,878	4,124
5,98	8,875	4,112
6,00	8,872	4,100
6,02	8,869	4,088
6,04	8,865	4,076
6,06	8,861	4,063
6,08	8,857	4,051
6,10	8,853	4,038
6,12	8,848	4,025
6,14	8,843	4,012
6,16	8,838	3,999
6,18	8,833	3,986
6,20	8,827	3,972
6,22	8,822	3,958
6,24	8,816	3,944
6,26	8,809	3,930
6,28	8,803	3,916
6,30	8,796	3,902
6,32	8,789	3,888
6,34	8,782	3,873
6,36	8,774	3,858
6,38	8,767	3,843
6,40	8,759	3,828
6,42	8,751	3,813
6,44	8,742	3,797
6,46	8,734	3,782
6,48	8,725	3,766
6,50	8,716	3,750
6,52	8,706	3,734
6,54	8,696	3,718
6,56	8,687	3,701
6,58	8,676	3,685
6,60	8,666	3,668
6,62	8,655	3,651
6,64	8,645	3,634
6,66	8,633	3,617
6,68	8,622	3,600
6,70	8,610	3,582
6,72	8,599	3,564
6,74	8,586	3,546
6,76	8,574	3,528
6,78	8,561	3,510
6,80	8,549	3,492
6,82	8,535	3,474
6,84	8,522	3,455
6,86	8,508	3,436
6,88	8,495	3,417
6,90	8,480	3,398
6,92	8,466	3,379
6,94	8,451	3,359
6,96	8,437	3,340
6,98	8,421	3,320
7,00	8,406	3,300
7,02	8,390	3,280
7,04	8,374	3,260
7,06	8,358	3,239
7,08	8,342	3,219
7,10	8,325	3,198
7,12	8,308	3,177
7,14	8,291	3,156
7,16	8,274	3,135
7,18	8,256	3,114
7,20	8,238	3,092
7,22	8,220	3,070
7,24	8,201	3,048
7,26	8,183	3,026
7,28	8,164	3,004
7,30	8,144	2,982
7,32	8,125	2,960
7,34	8,105	2,937
7,36	8,085	2,914
7,38	8,065	2,891
7,40	8,044	2,868
7,42	8,023	2,845
7,44	8,002	2,821
7,46	7,981	2,798
7,48	7,959	2,774
7,50	7,938	2,750
7,52	7,915	2,726
7,54	7,893	2,702
7,56	7,870	2,677
7,58	7,847	2,653
7,60	7,824	2,628
7,62	7,801	2,603
7,64	7,777	2,578
7,66	7,753	2,553
7,68	7,729	2,528
7,70	7,704	2,502
7,72	7,679	2,476
7,74	7,654	2,450
7,76	7,629	2,424
7,78	7,603	2,398
7,80	7,578	2,372
7,82	7,551	2,346
7,84	7,525	2,319
7,86	7,498	2,292
7,88	7,471	2,265
7,90	7,444	2,238
7,92	7,417	2,211
7,94	7,389	2,183
7,96	7,361	2,156
7,98	7,333	2,128
8,00	7,304	2,100
8,02	7,275	2,072
8,04	7,246	2,044
8,06	7,217	2,015
8,08	7,187	1,987
8,10	7,157	1,958
8,12	7,127	1,929
8,14	7,096	1,900
8,16	7,065	1,871
8,18	7,034	1,842
8,20	7,003	1,812
8,22	6,971	1,782
8,24	6,940	1,752
8,26	6,907	1,722
8,28	6,875	1,692
8,30	6,842	1,662
8,32	6,809	1,632
8,34	6,776	1,601
8,36	6,742	1,570
8,38	6,708	1,539
8,40	6,674	1,508
8,42	6,640	1,477
8,44	6,605	1,445
8,46	6,570	1,414
8,48	6,535	1,382
8,50	6,500	1,350
8,52	6,464	1,318
8,54	6,428	1,286
8,56	6,391	1,253
8,58	6,355	1,221
8,60	6,318	1,188
8,62	6,280	1,155
8,64	6,243	1,122
8,66	6,205	1,089
8,68	6,167	1,056
8,70	6,128	1,022
8,72	6,090	0,988
8,74	6,051	0,954
8,76	6,012	0,920
8,78	5,972	0,886
8,80	5,932	0,852
8,82	5,892	0,818
8,84	5,852	0,783
8,86	5,811	0,748
8,88	5,770	0,713
8,90	5,729	0,678
8,92	5,687	0,643
8,94	5,645	0,607
8,96	5,603	0,572
8,98	5,561	0,536
9,00	5,518	0,500
9,02	5,475	0,464
9,04	5,432	0,428
9,06	5,388	0,391
9,08	5,344	0,355
9,10	5,300	0,318
9,12	5,255	0,281
9,14	5,211	0,244
9,16	5,166	0,207
9,18	5,120	0,170
9,20	5,074	0,132
9,22	5,029	0,094
9,24	4,982	0,056
9,26	4,936	0,018


