1.000
1.050
1.100
1.149
1.199
1.248
1.298
1.347
1.396
1.445
1.494
1.543
1.591
1.640
1.688
1.736
1.784
1.832
1.880
1.928
1.975
2.023
2.070
2.117
2.165
2.212
2.258
2.305
2.352
2.398
2.444
2.490
2.536
2.582
2.628
2.674
2.719
2.765
2.810
2.855
2.900
2.945
2.989
3.034
3.078
3.123
3.167
3.211
3.255
3.298
3.342
3.385
3.429
3.472
3.515
3.558
3.601
3.643
3.686
3.728
3.770
3.812
3.854
3.896
3.937
3.979
4.020
4.061
4.102
4.143
4.184
4.225
4.265
4.305
4.346
4.386
4.425
4.465
4.505
4.544
4.583
4.622
4.661
4.700
4.739
4.777
4.816
4.854
4.892
4.930
4.967
5.005
5.042
5.080
5.117
5.154
5.190
5.227
5.264
5.300
5.336
5.372
5.408
5.444
5.479
5.514
5.550
5.585
5.620
5.654
5.689
5.723
5.757
5.792
5.825
5.859
5.893
5.926
5.959
5.992
6.025
6.058
6.091
6.123
6.155
6.188
6.219
6.251
6.283
6.314
6.345
6.376
6.407
6.438
6.469
6.499
6.529
6.559
6.589
6.619
6.648
6.678
6.707
6.736
6.765
6.793
6.822
6.850
6.878
6.906
6.934
6.962
6.989
7.016
7.043
7.070
7.097
7.123
7.150
7.176
7.202
7.228
7.253
7.279
7.304
7.329
7.354
7.379
7.403
7.427
7.452
7.476
7.499
7.523
7.546
7.570
7.593
7.615
7.638
7.660
7.683
7.705
7.727
7.748
7.770
7.791
7.812
7.833
7.854
7.875
7.895
7.915
7.935
7.955
7.975
7.994
8.013
8.032
8.051
8.070
8.088
8.106
8.124
8.142
8.160
8.177
8.194
8.211
8.228
8.245
8.261
8.278
8.294
8.309
8.325
8.340
8.356
8.371
8.386
8.400
8.415
8.429
8.443
8.457
8.470
8.484
8.497
8.510
8.522
8.535
8.547
8.559
8.571
8.583
8.595
8.606
8.617
8.628
8.639
8.649
8.659
8.669
8.679
8.689
8.698
8.707
8.716
8.725
8.734
8.742
8.750
8.758
8.766
8.773
8.780
8.787
8.794
8.801
8.807
8.813
8.819
8.825
8.830
8.836
8.841
8.845
8.850
8.854
8.859
8.863
8.866
8.870
8.873
8.876
8.879
8.882
8.884
8.886
8.888
8.890
8.891
8.892
8.893
8.894
8.895
8.895
8.895
8.895
8.895
8.894
8.893
8.892
8.891
8.889
8.887
8.885
8.883
8.881
8.878
8.875
8.872
8.869
8.865
8.861
8.857
8.853
8.848
8.843
8.838
8.833
8.827
8.822
8.816
8.809
8.803
8.796
8.789
8.782
8.774
8.767
8.759
8.751
8.742
8.734
8.725
8.716
8.706
8.696
8.687
8.676
8.666
8.655
8.645
8.633
8.622
8.610
8.599
8.586
8.574
8.561
8.549
8.535
8.522
8.508
8.495
8.480
8.466
8.451
8.437
8.421
8.406
8.390
8.374
8.358
8.342
8.325
8.308
8.291
8.274
8.256
8.238
8.220
8.201
8.183
8.164
8.144
8.125
8.105
8.085
8.065
8.044
8.023
8.002
7.981
7.959
7.938
7.915
7.893
7.870
7.847
7.824
7.801
7.777
7.753
7.729
7.704
7.679
7.654
7.629
7.603
7.578
7.551
7.525
7.498
7.471
7.444
7.417
7.389
7.361
7.333
7.304
7.275
7.246
7.217
7.187
7.157
7.127
7.096
7.065
7.034
7.003
6.971
6.940
6.907
6.875
6.842
6.809
6.776
6.742
6.708
6.674
6.640
6.605
6.570
6.535
6.500
6.464
6.428
6.391
6.355
6.318
6.280
6.243
6.205
6.167
6.128
6.090
6.051
6.012
5.972
5.932
5.892
5.852
5.811
5.770
5.729
5.687
5.645
5.603
5.561
5.518
5.475
5.432
5.388
5.344
5.300
5.255
5.211
5.166
5.120
5.074
5.029
4.982
4.936
